2700K.[1.042370834342364, 3.4154894407166356]
[[ 0.85015379  0.06097389  0.01797265]
 [ 0.04758084  0.98662985  0.05234807]
 [-0.04050492 -0.08377141  1.05018328]]

2856K.[1.3236571405178175, 2.8189410150565966]
[[ 0.83854711  0.05927757  0.01687113]
 [ 0.06621405  0.96746394  0.04909615]
 [-0.03505942 -0.01597376  1.08697216]]

3000K.[1.2874352484991518, 3.0181646664339956]
[[8.93949877e-01 1.06254568e-01 1.68056484e-02]
 [2.90815393e-02 9.38320236e-01 5.01957145e-02]
 [3.67270365e-02 1.14864266e-04 1.08297391e+00]]

4000K.[1.6583928780491504, 2.3288665685225096]
[[ 0.88994383  0.11608157  0.01624646]
 [ 0.03791581  0.93227847  0.06052744]
 [ 0.00718374 -0.00631543  1.06144891]]

4150K.[2.0232094003254892, 2.45125476234339]
[[ 0.88286792  0.10568055  0.00825778]
 [ 0.0506718   0.93635831  0.05747713]
 [-0.01828059  0.00148953  1.05001368]]

5000K.[2.060286648112606, 1.7415036333128517]
[[ 0.86318641  0.07872953  0.02089757]
 [ 0.04652957  0.9531498   0.05139552]
 [-0.01382634  0.00843842  1.09264536]]

6500K.[2.4281949711119335, 1.532953881153869]
[[ 0.84001447  0.08440462  0.01837198]
 [ 0.06290772  0.95103425  0.06336947]
 [-0.03600447 -0.00852803  1.07816351]]

7500K.[2.5279822069229656, 1.3932289184262086]
[[ 0.84392271  0.0571767  -0.00312261]
 [ 0.05339985  0.97346882  0.07205928]
 [-0.03356762 -0.02762916  1.05823069]]

