2700K.[0.8598620700125059, 2.447868290926187]
[[ 0.68006789 -0.10838515 -0.12605973]
 [ 0.07171463  1.11535823  0.01978587]
 [-0.14913621 -0.03670975  1.19380799]]

2856K.[1.0418051071968208, 2.1892679158248907]
[[ 0.71292982 -0.09745428 -0.12419792]
 [ 0.04241607  1.10850377  0.01892568]
 [-0.10774895 -0.02161053  1.20191485]]

3000K.[1.1647784294636976, 2.148491615343049]
[[ 0.9110343  -0.03021448 -0.0794852 ]
 [-0.05476628  1.03168733  0.04827821]
 [ 0.0599233   0.1217465   0.99840284]]

4000K.[1.3538967729903324, 1.951541162690257]
[[ 0.85014795 -0.04564153 -0.10243861]
 [-0.02786848  1.05661621  0.02064821]
 [ 0.00416726  0.06256411  1.19967598]]

4150K.[1.3988149313674545, 1.9800691803228792]
[[ 0.66125539 -0.0660394  -0.10987532]
 [ 0.04068016  1.10573071  0.0338459 ]
 [-0.04927735 -0.06473714  1.11165636]]

5000K.[1.46885469095308, 1.5530304943995668]
[[ 0.72473714 -0.10278723 -0.13514152]
 [-0.00301207  1.10664257  0.02613759]
 [-0.01461468  0.03498884  1.24874212]]

6500K.[1.7001172843794212, 1.3841255425641563]
[[ 0.74255507 -0.08262837 -0.12373103]
 [-0.0016845   1.09370895  0.01576988]
 [-0.02624365  0.03624836  1.26129387]]

7500K.[1.7293559962034775, 1.2879615777519131]
[[ 0.70648225 -0.11714657 -0.16332773]
 [ 0.00384191  1.11862762  0.06322636]
 [-0.02730186  0.00484159  1.20071682]]

