2700K.[1.0782556170649225, 2.9120774177970987]
[[ 0.89863221 -0.04279044 -0.02004425]
 [-0.02163438  1.05668919 -0.00442252]
 [ 0.06545828 -0.0454315   1.14339995]]

2856K.[1.3261977329320285, 2.486401849118539]
[[ 0.89946696 -0.0343169  -0.01683256]
 [-0.00569513  1.05505426 -0.00720742]
 [ 0.02596637 -0.07968186  1.14239453]]

3000K.[1.3255416963180908, 2.606861607243239]
[[ 0.9385145   0.00426622 -0.00824765]
 [-0.01819279  1.0165876  -0.01307276]
 [ 0.09908813 -0.02879796  1.14302345]]

4000K.[1.6698950618785458, 2.0791972333832787]
[[ 0.91666415  0.00112972 -0.00985393]
 [ 0.00308826  1.02442364 -0.00546596]
 [ 0.04960984 -0.06583347  1.11261929]]

4150K.[1.9337688224471423, 2.2093347852568366]
[[ 0.94021345 -0.00816496 -0.01807626]
 [-0.01595948  1.03183722  0.00454767]
 [ 0.03787114 -0.06143728  1.10371508]]

5000K.[2.0212129775086094, 1.641625514574363]
[[ 0.92426975 -0.0193842  -0.01510505]
 [-0.01620291  1.0433173  -0.00245026]
 [ 0.02982928 -0.06923354  1.13770778]]

6500K.[2.374902386046527, 1.4574492605660905]
[[ 0.89290784 -0.01926794 -0.01392778]
 [ 0.01037037  1.04567722 -0.00206914]
 [-0.00131939 -0.09372769  1.13150498]]

7500K.[2.4881129728325306, 1.347967767500029]
[[ 0.89489557 -0.04798808 -0.04484788]
 [-0.00206868  1.06620299  0.02065259]
 [ 0.00879849 -0.10456624  1.10460288]]

