2700K.[1.1684211676836083, 3.258544665384893]
[[ 0.99078666  0.08662899  0.03295807]
 [-0.02990006  0.95716779  0.03645382]
 [ 0.10634249 -0.03435169  1.02731165]]

2856K.[1.4795135382672004, 2.6155568618404823]
[[ 0.9973309   0.10584671  0.03664622]
 [-0.0124309   0.9427514   0.04304965]
 [ 0.04922608 -0.03917131  0.99142712]]

3000K.[1.5670133416818262, 2.4467785161750832]
[[ 1.06379691  0.19377131  0.0354148 ]
 [ 0.01192664  0.8611484   0.08269959]
 [ 0.05264177 -0.00410512  0.74281858]]

4000K.[1.926078773508963, 2.138792143278941]
[[1.00599917 0.17625454 0.03202336]
 [0.02156052 0.87993922 0.05892572]
 [0.0350831  0.00124813 0.92795238]]

4150K.[2.0144923227771603, 2.182309613879799]
[[ 0.80847087  0.13673446  0.01867878]
 [ 0.06917857  0.94716765  0.06622167]
 [-0.00333246 -0.07821267  0.89691593]]

5000K.[2.2635384673064873, 1.5963022010717407]
[[ 0.97821994  0.10885244  0.03141422]
 [-0.00295338  0.93491408  0.05836498]
 [ 0.03476888 -0.0084949   0.96758948]]

6500K.[2.7050335320108037, 1.3923075813077879]
[[ 9.68546239e-01  1.37407427e-01  4.56936082e-02]
 [ 1.18700940e-02  9.15399382e-01  5.06842725e-02]
 [ 1.43647412e-02 -7.78715487e-05  9.76286140e-01]]

7500K.[2.813227462014675, 1.2884979933157545]
[[ 0.94967359  0.08326674 -0.0105149 ]
 [ 0.01237766  0.95189869  0.08949199]
 [ 0.01093484 -0.02799669  0.94570784]]

