2700K.[0.8467648677331487, 2.2737813662588127]
[[ 0.68359804 -0.12752569 -0.13960404]
 [ 0.05151287  1.13655206  0.02645966]
 [-0.15004573 -0.04984783  1.1175945 ]]

2856K.[1.0367635348750932, 2.041488978608551]
[[ 0.714917   -0.11992641 -0.13627266]
 [ 0.02205545  1.12875254  0.00174662]
 [-0.07907297 -0.01837205  1.17493252]]

3000K.[1.0712541864349203, 2.2279873603528415]
[[ 8.60110609e-01 -7.01175969e-02 -1.05863173e-01]
 [-7.59838496e-02  1.08912235e+00 -4.59320351e-04]
 [ 2.67163552e-02  5.66194798e-02  1.17170202e+00]]

4000K.[1.4713299798075201, 1.943702905551626]
[[ 0.84503341 -0.06667825 -0.1159801 ]
 [-0.05820885  1.09587323  0.00303397]
 [-0.0153653   0.01228627  1.14450824]]

4150K.[1.4713299798075201, 1.943702905551626]
[[ 0.84503341 -0.06667825 -0.1159801 ]
 [-0.05820885  1.09587323  0.00303397]
 [-0.0153653   0.01228627  1.14450824]]

5000K.[1.4253668449915569, 1.4610950116206336]
[[ 0.74981344 -0.09415236 -0.12580949]
 [-0.01565707  1.11850885  0.02605546]
 [-0.03514374 -0.02496784  1.10208229]]

6500K.[1.613916354624627, 1.4158575732511374]
[[ 0.74237514 -0.09065639 -0.13349697]
 [-0.00931225  1.11328624  0.0315975 ]
 [-0.03960779 -0.01759514  1.1426152 ]]

7500K.[1.621911611793258, 1.306719724679616]
[[ 0.7525261  -0.08918171 -0.13258164]
 [-0.01702952  1.11665861  0.02829326]
 [-0.0369569  -0.02921238  1.11621589]]

